119.893540091486
107.542128834008
110.867667943315
113.496834036899
104.456371886339
109.67284415391
124.934402746383
109.131466376521
104.575184225391
110.981394668114
113.15382080683
114.342409415904
127.477856545634
145.203873120514
120.785450116231
110.208337806152
120.703956179767
110.841108944315
117.64257758228
119.442215024824
125.305817808464
127.881746948253
110.766768306409
100.458507051908
102.312317021724
101.675205474512
106.042979643199
111.275197597443
104.049875048843
105.66735428042
102.897755658398
97.8408738581765
94.9745242370109
104.648642997329
90.5929417909743
103.355943848458
93.7245450293304
100.342789289795
108.245940110854
100.197403441315
82.6761507530045
97.2032646918672
103.198633256434
103.169825324488
101.827534267787
114.090485262795
100.344948497077
114.983326007155
119.282424576095
116.556078807932
117.07379363154
102.012962706204
106.590862074137
113.333726779344
103.262524242441
94.5281481961574
108.889707604467
110.578798234284
97.9339971039711
97.4130846132826
97.8561585187497
102.936426692592
103.786008254354
96.1573659254772
100.160451921388
92.9962271799677
90.8355037303207
93.8488659860273
106.290423062436
102.935676292389
109.821123793574
98.8923911720313
113.48122902161
119.329504740847
105.737166422518
100.555460732749
107.856051263978
93.80202859757
103.799431125411
96.9890397376562
92.3467343395642
84.3464721159065
104.164429980774
111.604491785995
94.8064985104604
94.1590106242969
100.530965228994
108.964399282927
105.346015044765
102.585503514534
92.8101743014671
108.424891027674
95.2092056755432
92.2037874358792
94.4505350958426
103.788996279205
85.272941582396
95.8259519463769
100.887075295116
102.045661237498
101.373373209716
87.0645215366192
97.5527809947428
123.726575154867
127.321372991541
109.942531582073
114.455168638413
113.530765751589
116.575559038766
102.453400791785
104.442790134721
110.497843030567
111.330739694177
127.480117696308
112.977726669627
118.197546784793
87.8897527324367
83.2461350529595
83.8684213285842
91.7883590692549
103.279620299957
88.6553035321237
100.022111175851
104.330214073935
102.625855888849
115.72307751489
111.700545449916
102.330308808526
105.643663776056
104.099029789682
105.531478351621
117.608074689716
97.426417989388
100.72124718145
111.121067883728
101.51940203819
101.140663835617
101.144276175071
109.547769607572
100.259291325561
100.11383442639
109.197721582835
116.872173388097
95.5501598411849
107.317119759715
100.297439724683
110.675760740168
120.38092938226
104.23326532532
115.578935647548
72.433056234658
74.4499895849846
77.2657328431649
79.4875128978516
105.948381615578
101.864025970419
97.9566493991067
106.704983889208
120.387854595599
129.022854230233
106.382762716722
120.45901476426
132.975343296039
130.026575361847
122.08490610513
111.734259874861
105.403222783512
84.0297719675749
100.462246011977
97.8089918081854
101.407406094229
90.004167632673
93.952837194737
99.4557544003121
94.1367370775503
88.9009816676599
98.1658494825496
83.2953611052766
87.137455784845
84.5088289894212
93.2053916022089
78.084437435936
78.502830412446
90.1238351101201
83.9552571457035
99.747922987061
91.9504568091136
83.6078165520453
86.9913340231412
84.3249337097777
74.1954777701733
76.304828510541
78.8251114498874
91.6318773484239
95.1614775675034
82.8413449995867
80.9056776318694
94.9414660511371
78.9228662294391
85.0676211208691
97.5813995286708
101.8753200802
107.024815787627
103.950922332135
97.7369762250698
101.810739249825
85.3373007670065
119.313411388615
122.939683907825
117.146834099646
115.330796122023
128.512117960502
113.621712142363
129.3518680243
116.214076525385
142.935925078111
128.028076391767
130.676480721116
125.528465510269
108.386537609823
105.914147910762
100.59092056254
90.28514253195
103.711642206003
108.024672360304
111.863089968553
96.2250625416852
105.088625730371
106.474371254285
109.433120907532
101.204070491683
100.828389876651
99.7239524661252
109.679663822687
91.8326621584611
97.5184706657303
84.9020264173742
105.951477322917
93.4550228430215
85.2921749089999
79.7164311341881
77.1590171095351
84.1726770031976
83.7830217847805
78.0618513797252
83.7615752851482
86.5020587367682
80.9701668264824
93.9687903877442
106.024160249272
97.3010558652794
91.9375007835836
94.2926006124931
83.5503676721694
96.7720642532556
97.0297730695754
113.546871384234
112.079524939212
127.647212703843
103.334036752707
131.584686864859
111.670262615252
108.565716520385
117.497913085807
120.602789873292
120.974036297755
108.672484133501
124.05112799239
113.345029687678
102.306262628488
104.507903975458
118.869353551362
109.128518258166
122.423334755633
113.475091969923
105.233000337513
87.0559662924133
93.2769195638842
105.553713853359
110.027576915655
101.509907867238
95.3542729647344
89.2381364723891
76.8922389577444
73.8182172349069
68.1559670930028
79.2764548222631
71.877048235334
94.3121133040424
91.3846800087754
94.6174730281918
84.3206150509376
80.5225357153856
79.5274913563531
75.4757117944355
89.1923363069697
88.3346112579784
80.6569339434578
89.0692903769743
89.0140759234335
99.6734665744104
107.730680118838
113.6532936817
99.0435089035914
104.936434477776
107.969275642582
93.0503877478853
106.303576873927
111.933180866068
110.930949372029
106.125259440406
109.986635670965
114.397512688961
99.2378153237688
92.1755610551215
104.217470862199
122.363159016054
116.042868815408
107.793864734658
117.200414498554
123.426934856245
126.187205347351
118.944494023654
108.428457749113
104.97458273718
106.753934351206
109.378584634815
103.115850700757
95.9829523224811
95.610002415303
120.654814315188
104.825807517092
105.129197310409
89.8511091250125
80.7608278895236
85.898377908997
81.8009383154535
84.0760984802051
93.3525725438157
91.1150294054612
85.857846787725
106.009646792084
94.0482835469152
89.5397356811134
79.1905298810372
95.9443010210587
87.2557660519941
92.7737778537712
83.5019769174613
109.760332003256
89.6210390584837
93.2155337203282
93.6944132493805
99.5857068310214
97.2339167601477
90.3555916676104
100.252619629021
104.366777872382
96.6160461435157
102.748900414087
99.0657134560534
86.4402479891506
100.150388686573
87.5330763107955
103.129726379028
90.0308178189362
86.4724380895144
98.717845547567
105.60734838511
80.816659670397
97.502720404443
110.4521045273
97.9714414198356
92.4926256433491
81.9361369758683
94.9256288514465
94.1546048366703
79.3363294370182
101.584138357345
101.167752013068
103.2966538563
98.4088519000027
78.3676114287831
74.952033292806
84.6546476032585
96.833543029412
96.1107355896989
86.4768216093442
83.8389086010217
75.6960059926365
73.4403120979911
82.3483935982421
87.1233267020338
71.4310795498673
82.0968519196028
85.5402931411006
74.0765575754925
82.3281401239787
81.245256515467
93.0508725015935
82.9738458168838
96.7352711405225
94.1078154190702
107.571775523464
115.033336187401
105.855551510399
102.459559885477
119.142360077693
104.864220199288
118.915298376587
98.0782055442587
98.4655282674282
87.9525370292225
112.405562494314
102.135356519599
98.1061230938682
114.031258655342
99.426535980512
100.899315603032
103.469516007412
102.847934410519
102.21819224392
106.899807358277
90.956556382166
88.419050296885
91.8151027025648
87.9866607188457
103.938818238344
78.8000723813066
91.8048325589242
73.8956991054812
94.0078825091326
93.7235916285825
89.4395760996235
89.2188122730232
97.1737225429997
83.3578909295192
85.480469476111
72.8508042339198
88.0431845800574
88.4412013116314
90.6744972883509
81.7206504147336
92.3973220701045
121.332431334242
116.497042833518
104.63651476308
111.461389517465
95.8246730960051
97.5413901995491
103.454154237586
125.38834912186
124.763248526035
121.245193719001
114.192834931651
123.048264018939
117.764011116653
117.685247825497
126.59037545128
137.556006884528
118.859948234981
118.457162908917
102.816319768111
110.768794972178
108.135043199634
116.650665946804
108.332574791427
102.341516684163
125.516473563797
141.581386077536
153.749869303756
120.062755624258
136.068964628405
124.948477486118
111.108719641736
107.914176429783
93.6150641850858
114.866251563381
98.5865085893912
93.9902530259573
82.8797448445489
72.5228654705984
74.8407665890189
77.9927547815658
76.5590655086371
91.1511455167396
102.150344278912
88.9526954536114
104.703349702111
88.2075473838915
91.2770433418109
103.756795408494
90.5985673419818
94.9566567737775
90.8047263393033
93.2963423555574
91.6155154101669
95.5085521656433
103.551716763751
115.91224015211
