1198.93540091486
1075.42128834008
1108.67667943315
1134.96834036899
1044.56371886339
1096.7284415391
1249.34402746383
1091.31466376521
1045.75184225391
1109.81394668114
1131.5382080683
1143.42409415904
1274.77856545634
1452.03873120514
1207.85450116231
1102.08337806152
1207.03956179767
1108.41108944315
1176.4257758228
1194.42215024824
1253.05817808464
1278.81746948253
1107.66768306409
1004.58507051908
1023.12317021724
1016.75205474512
1060.42979643199
1112.75197597443
1040.49875048843
1056.6735428042
1028.97755658398
978.408738581765
949.745242370109
1046.48642997329
905.929417909742
1033.55943848458
937.245450293304
1003.42789289795
1082.45940110854
1001.97403441315
826.761507530045
972.032646918672
1031.98633256434
1031.69825324488
1018.27534267787
1140.90485262795
1003.44948497077
1149.83326007155
1192.82424576095
1165.56078807932
1170.7379363154
1020.12962706204
1065.90862074137
1133.33726779344
1032.62524242441
945.281481961574
1088.89707604467
1105.78798234284
979.339971039711
974.130846132826
978.561585187497
1029.36426692592
1037.86008254354
961.573659254772
1001.60451921388
929.962271799677
908.355037303207
938.488659860273
1062.90423062436
1029.35676292389
1098.21123793574
988.923911720313
1134.8122902161
1193.29504740847
1057.37166422518
1005.55460732749
1078.56051263978
938.0202859757
1037.99431125411
969.890397376562
923.467343395642
843.464721159065
1041.64429980774
1116.04491785995
948.064985104604
941.590106242969
1005.30965228994
1089.64399282927
1053.46015044765
1025.85503514534
928.101743014671
1084.24891027674
952.092056755432
922.037874358792
944.505350958425
1037.88996279205
852.729415823959
958.259519463769
1008.87075295116
1020.45661237498
1013.73373209716
870.645215366192
975.527809947428
1237.26575154867
1273.21372991541
1099.42531582073
1144.55168638413
1135.30765751589
1165.75559038766
1024.53400791785
1044.42790134721
1104.97843030567
1113.30739694177
1274.80117696308
1129.77726669627
1181.97546784793
878.897527324367
832.461350529595
838.684213285842
917.883590692549
1032.79620299957
886.553035321237
1000.22111175851
1043.30214073935
1026.25855888849
1157.2307751489
1117.00545449916
1023.30308808526
1056.43663776056
1040.99029789682
1055.31478351621
1176.08074689716
974.26417989388
1007.2124718145
1111.21067883728
1015.1940203819
1011.40663835617
1011.44276175071
1095.47769607572
1002.59291325561
1001.1383442639
1091.97721582835
1168.72173388097
955.501598411849
1073.17119759715
1002.97439724683
1106.75760740168
1203.8092938226
1042.3326532532
1155.78935647548
724.33056234658
744.499895849846
772.657328431649
794.875128978516
1059.48381615578
1018.64025970419
979.566493991067
1067.04983889208
1203.87854595599
1290.22854230233
1063.82762716722
1204.5901476426
1329.75343296039
1300.26575361847
1220.8490610513
1117.34259874861
1054.03222783512
840.297719675749
1004.62246011977
978.089918081854
1014.07406094229
900.04167632673
939.528371947369
994.557544003121
941.367370775503
889.009816676599
981.658494825496
832.953611052766
871.37455784845
845.088289894212
932.053916022089
780.84437435936
785.02830412446
901.238351101201
839.552571457035
997.47922987061
919.504568091136
836.078165520453
869.913340231412
843.249337097777
741.954777701733
763.04828510541
788.251114498874
916.318773484238
951.614775675034
828.413449995867
809.056776318694
949.414660511371
789.228662294391
850.676211208691
975.813995286708
1018.753200802
1070.24815787627
1039.50922332135
977.369762250698
1018.10739249825
853.373007670065
1193.13411388615
1229.39683907825
1171.46834099646
1153.30796122023
1285.12117960502
1136.21712142363
1293.518680243
1162.14076525385
1429.35925078111
1280.28076391767
1306.76480721116
1255.28465510269
1083.86537609823
1059.14147910762
1005.9092056254
902.8514253195
1037.11642206003
1080.24672360304
1118.63089968553
962.250625416852
1050.88625730371
1064.74371254285
1094.33120907532
1012.04070491683
1008.28389876651
997.239524661252
1096.79663822687
918.326621584611
975.184706657303
849.020264173742
1059.51477322917
934.550228430215
852.921749089999
797.164311341881
771.590171095351
841.726770031976
837.830217847805
780.618513797252
837.615752851482
865.020587367682
809.701668264824
939.687903877442
1060.24160249272
973.010558652794
919.375007835836
942.926006124931
835.503676721694
967.720642532556
970.297730695754
1135.46871384234
1120.79524939212
1276.47212703843
1033.34036752707
1315.84686864859
1116.70262615252
1085.65716520385
1174.97913085807
1206.02789873292
1209.74036297755
1086.72484133501
1240.5112799239
1133.45029687678
1023.06262628488
1045.07903975458
1188.69353551362
1091.28518258166
1224.23334755633
1134.75091969923
1052.33000337513
870.559662924133
932.769195638842
1055.53713853359
1100.27576915655
1015.09907867238
953.542729647344
892.381364723891
768.922389577444
738.182172349069
681.559670930028
792.764548222631
718.77048235334
943.121133040424
913.846800087754
946.174730281918
843.206150509376
805.225357153856
795.274913563531
754.757117944355
891.923363069697
883.346112579784
806.569339434578
890.692903769743
890.140759234335
996.734665744104
1077.30680118838
1136.532936817
990.435089035914
1049.36434477776
1079.69275642582
930.503877478853
1063.03576873927
1119.33180866068
1109.30949372029
1061.25259440406
1099.86635670965
1143.97512688961
992.378153237688
921.755610551215
1042.17470862199
1223.63159016054
1160.42868815408
1077.93864734658
1172.00414498554
1234.26934856245
1261.87205347351
1189.44494023654
1084.28457749113
1049.7458273718
1067.53934351206
1093.78584634815
1031.15850700757
959.829523224811
956.10002415303
1206.54814315188
1048.25807517092
1051.29197310409
898.511091250125
807.608278895236
858.98377908997
818.009383154535
840.760984802051
933.525725438157
911.150294054612
858.57846787725
1060.09646792084
940.482835469152
895.397356811134
791.905298810372
959.443010210587
872.557660519941
927.737778537712
835.019769174613
1097.60332003256
896.210390584837
932.155337203282
936.944132493805
995.857068310214
972.339167601476
903.555916676103
1002.52619629021
1043.66777872382
966.160461435157
1027.48900414087
990.657134560534
864.402479891506
1001.50388686573
875.330763107955
1031.29726379028
900.308178189362
864.724380895144
987.17845547567
1056.0734838511
808.16659670397
975.02720404443
1104.521045273
979.714414198355
924.926256433491
819.361369758683
949.256288514465
941.546048366703
793.363294370182
1015.84138357345
1011.67752013068
1032.966538563
984.088519000027
783.676114287831
749.52033292806
846.546476032584
968.33543029412
961.107355896989
864.768216093442
838.389086010217
756.960059926365
734.403120979911
823.483935982421
871.233267020338
714.310795498673
820.968519196028
855.402931411006
740.765575754925
823.281401239787
812.45256515467
930.508725015935
829.738458168838
967.352711405225
941.078154190702
1075.71775523464
1150.33336187401
1058.55551510399
1024.59559885477
1191.42360077693
1048.64220199288
1189.15298376587
980.782055442587
984.655282674282
879.525370292225
1124.05562494314
1021.35356519599
981.061230938682
1140.31258655342
994.26535980512
1008.99315603032
1034.69516007412
1028.47934410519
1022.1819224392
1068.99807358277
909.56556382166
884.19050296885
918.151027025648
879.866607188457
1039.38818238344
788.000723813066
918.048325589242
738.956991054812
940.078825091326
937.235916285825
894.395760996235
892.188122730231
971.737225429997
833.578909295192
854.804694761109
728.508042339198
880.431845800574
884.412013116314
906.744972883509
817.206504147336
923.973220701045
1213.32431334242
1164.97042833518
1046.3651476308
1114.61389517465
958.246730960051
975.413901995491
1034.54154237586
1253.8834912186
1247.63248526035
1212.45193719001
1141.92834931651
1230.48264018939
1177.64011116653
1176.85247825497
1265.9037545128
1375.56006884528
1188.59948234981
1184.57162908917
1028.16319768111
1107.68794972178
1081.35043199634
1166.50665946804
1083.32574791427
1023.41516684163
1255.16473563797
1415.81386077536
1537.49869303756
1200.62755624258
1360.68964628405
1249.48477486118
1111.08719641736
1079.14176429783
936.150641850858
1148.66251563381
985.865085893912
939.902530259573
828.797448445489
725.228654705984
748.407665890189
779.927547815658
765.590655086371
911.511455167396
1021.50344278912
889.526954536114
1047.03349702111
882.075473838915
912.770433418109
1037.56795408494
905.985673419818
949.566567737775
908.047263393033
932.963423555574
916.155154101669
955.085521656433
1035.51716763751
1159.1224015211
