0.214635276443917
0.208683545837332
0.210058607292103
0.204723596965336
0.208038087995118
0.210865969733688
0.217772903936574
0.210417589799041
0.205921230623193
0.211828755590818
0.209337209457952
0.211136326881341
0.218792337411438
0.227603236245357
0.218775975696835
0.216473404170268
0.211351765828833
0.214694347344115
0.218417875728451
0.216419397800699
0.216684977083264
0.217807680315609
0.208974384111514
0.206028261708261
0.202247734901437
0.199437473956931
0.203607885175642
0.20822348487607
0.203579286425405
0.201731931244716
0.202180522818074
0.20129031613838
0.195690153032967
0.197190793222438
0.195725856626274
0.200495970691324
0.196197407311612
0.19900665229092
0.200391107163569
0.196205553926468
0.194304179121029
0.199406890641761
0.208023410364559
0.206868102100012
0.207371010231544
0.213439875285126
0.211707125509542
0.214039941470306
0.21061898569217
0.212391863089335
0.205635693605845
0.20239649944831
0.209307204385719
0.210970970819703
0.209745170365207
0.206064448896198
0.204856960784931
0.206371540471171
0.20184742351204
0.201138714284049
0.205950467156197
0.207092442006744
0.204794293043259
0.201329550922179
0.200597796814084
0.197137079605082
0.19420706815978
0.197715525954231
0.200544695203644
0.202601489083734
0.202774016055353
0.20312636313874
0.20393645135043
0.201503461391182
0.203014667139161
0.20124528213545
0.201867639365084
0.19916984636539
0.197350398938819
0.201712672153815
0.199466663109395
0.202587248337095
0.2093576604915
0.206798652926491
0.196865164394859
0.198706141805421
0.201030204077448
0.204696651245528
0.197274603324422
0.201808827281398
0.202273830580957
0.20091010221283
0.197686336146561
0.195141110740925
0.20049728003068
0.201991552350016
0.191678082214903
0.199926660596362
0.20138454201731
0.200893199655743
0.200511729408626
0.199957672511
0.206914643147652
0.209251462773715
0.207248380571358
0.209308345217438
0.210520706655446
0.211520221785608
0.204979062000733
0.205564048966159
0.203110796419643
0.206968970454494
0.214048781602139
0.210795441147546
0.206915921963634
0.201122391014007
0.19286032888713
0.186293987495862
0.192220440827109
0.194844010759163
0.194480090162403
0.199644360362217
0.200917129922218
0.199790955415384
0.204044046525331
0.209524181832905
0.206828269903826
0.199481857659002
0.202535317730527
0.207036862442608
0.203888587726576
0.202687943753805
0.200166569108887
0.202677673631816
0.205324817931809
0.197164359763759
0.200637073435495
0.199428236114275
0.200064769039605
0.19988915052668
0.203310594397035
0.204489323298743
0.203756804840779
0.20159777855506
0.204677708813975
0.206531150011512
0.208106172489915
0.212264543915805
0.207270605107064
0.203913533628319
0.181307000333894
0.180051549141409
0.178337149531034
0.184382582034824
0.19490009900087
0.195894293492091
0.196153956751748
0.203592117099008
0.210358535527416
0.212348931839534
0.211032193941381
0.215734272336222
0.216964066443132
0.215224166847253
0.211861687396917
0.20709636364205
0.209561666727849
0.198368946905998
0.196838166970679
0.19833680537014
0.200945389223447
0.200633083681778
0.197341234806266
0.199156003766043
0.19421826218054
0.185764291820519
0.195506987891091
0.189816627651555
0.192744148184118
0.195593972210385
0.191612857642365
0.184780313636154
0.186919721861246
0.193439004155968
0.193227581211402
0.200312996019289
0.194899617005277
0.189052034537117
0.181609243456743
0.184803856345676
0.181899036320458
0.179773088903281
0.188465471109281
0.19294630910005
0.197155744996791
0.188737806255978
0.189578879229557
0.18957669009113
0.183620938338022
0.185423972588478
0.200136697298891
0.199577728065011
0.199828922842243
0.195913756302049
0.197321070396874
0.198993660966445
0.1997966944208
0.213533191786577
0.214511755895882
0.213485540516078
0.212030602542552
0.212478525408713
0.209727922267254
0.216524027683546
0.218487602942714
0.220690012423766
0.219450906301362
0.218380423055061
0.21385389874097
0.211874728580193
0.209783030028536
0.203667141656723
0.197306404199196
0.201263570660199
0.205713082877597
0.206387796597455
0.197969334961406
0.201743302589233
0.201490780295922
0.201523221350721
0.203085406327665
0.198956294815102
0.196472410756012
0.197092435638825
0.195029070695561
0.193413611287113
0.193324423190824
0.198676131611795
0.194393309083728
0.184766231241067
0.182562218913197
0.175073906558109
0.18122215832788
0.181674936280475
0.183089014917061
0.186480297201102
0.190444259813788
0.190708636887264
0.198372187307428
0.201215237758715
0.200864365708214
0.198401969801013
0.188441533480399
0.184009687250655
0.194061196852597
0.198686852037357
0.202997577681553
0.210070016709372
0.211152910373343
0.213340249323653
0.214561084064644
0.207456845865857
0.207952037607942
0.212183366952469
0.217052697204706
0.215950897089029
0.21440970186809
0.210694048636552
0.205895874064972
0.197627920767138
0.201304420732425
0.204710665374104
0.209917200055607
0.21597803076608
0.203657582513611
0.199203766489445
0.194913430797365
0.199603008705335
0.202864641001599
0.20609389281604
0.201761481714211
0.196023283123388
0.189048311321307
0.181008638725461
0.177416556119349
0.183360422002981
0.185999582824018
0.18230001653093
0.189554155994965
0.189919467654279
0.182219771401613
0.178944169297503
0.1799711279214
0.180266208256296
0.179497818961461
0.187054833904454
0.189520271165333
0.185773845564943
0.188180226554293
0.195381483641753
0.199791388813748
0.207225773889292
0.2082257849076
0.198985840277652
0.19966187877965
0.200446488475939
0.202742972671898
0.208815732397003
0.213572711992215
0.209366043317697
0.199472381392351
0.20515175462032
0.207235999705159
0.200397866000114
0.19973263036962
0.205621920538093
0.215379388238284
0.213865249975197
0.21048174417389
0.206660428642373
0.213114789578377
0.213979806757845
0.212029967405759
0.21132867916979
0.201418529267262
0.200677620917201
0.202561872902613
0.201838092105372
0.205171056683149
0.198441372611118
0.209309045184431
0.203230718993116
0.198364540843101
0.201582468401753
0.190280663607183
0.188749838187054
0.191929289592915
0.188901650848817
0.191279047425903
0.192227131868997
0.192341333690443
0.196714191349863
0.19214226589529
0.190668956760587
0.18940587147626
0.190805217969712
0.191061409958631
0.194123699381769
0.191480997467678
0.197059884569869
0.191547015976663
0.195529559784767
0.199755111896118
0.199066925467712
0.199919010204881
0.190821886245335
0.194600784088813
0.199622902381859
0.202075370368911
0.198853839101475
0.198051604335158
0.193699074243473
0.202536451566098
0.198448948968257
0.195605659609924
0.193587804300216
0.192555388399563
0.20026621292818
0.198750028265925
0.192768386841331
0.191461122200686
0.20075310574508
0.199267640525628
0.192651272101159
0.188406010241374
0.191678419286635
0.192251434023613
0.189380813464591
0.199807291432076
0.199485540608538
0.197162090418217
0.194353752703036
0.188340659695154
0.182930626033732
0.182848062397284
0.185167479532889
0.188980921375124
0.18851097685266
0.182772324142566
0.173741031601763
0.178857263755275
0.181654209083621
0.177381627944678
0.177238663772036
0.181449669670615
0.186192150230171
0.184728602787671
0.186115426266593
0.189285278426429
0.18726177467231
0.198530327255542
0.19714506696833
0.200405091993878
0.197388546544694
0.209809852429209
0.207937043791128
0.202886537961038
0.205413110318186
0.202246570700183
0.205186747518303
0.198730792545102
0.196603360780524
0.193076624116084
0.196680186518897
0.198029754782888
0.196690160471546
0.202500279345788
0.200189090989094
0.194205679277641
0.20143900545049
0.200458847770606
0.201634254988315
0.203505266427544
0.191660513259294
0.189347913414703
0.191731201400324
0.190906350325054
0.190659778722195
0.185864832115589
0.186836168812283
0.181406990871561
0.191837150996845
0.195131549374349
0.192317826953824
0.190032980535214
0.193033042126242
0.191589551864793
0.192540781923634
0.188471451127157
0.185295725484304
0.190161474566375
0.179915663576204
0.189486028096054
0.196565768201004
0.207131916915766
0.212210655518868
0.201468346853759
0.207191650315609
0.200925242177219
0.196104126123278
0.21085787048845
0.217749994688518
0.215106934938442
0.215103563691212
0.209005690840711
0.208722049678249
0.210339425203814
0.211110206232551
0.221579097412273
0.219692366892576
0.212816130027375
0.208664466746597
0.20214587810968
0.20824671283037
0.207737009804749
0.21085564566562
0.207477162717516
0.205603617952104
0.217330822866512
0.227711984078118
0.231516663949498
0.224775320725106
0.217928579623497
0.214034848174554
0.209552498726129
0.206917533759082
0.201390384791456
0.205828062593882
0.201508070991125
0.184093182329133
0.182372513722585
0.180665836102619
0.178317733066789
0.178876330067464
0.181583503306306
0.188850996569759
0.194445143358085
0.204421672675766
0.203579180817631
0.194677620820995
0.193128730690795
0.197878752201915
0.198738775704409
0.201817801739167
0.196630025427579
0.199125416017321
0.196726315369213
0.199528162907463
0.20322494909928
0.210719899042566
